Adaptive Audacity Masking Preset

Колонка: Marshall Emberton III
Количество спектров: 1
Процентиль: 90%
Запас маскирования: 3.00 дБ
Минимальный уровень маскирования: 2.00 дБ
Ограничение узких пиков: 4.00 дБ
Сглаживание: 0.30 октавы

Исходные спектры:
  - Комната_М_spectrum.txt

Частота | P90 | Пик | Огранич. | Маскир. | АЧХ | Итог
--------------------------------------------------------------------------------------
     60 | -83.12 | 20.25 |    20.25 |   21.66 | -8.00 |  4.00
     80 | -88.49 | 14.88 |    14.88 |   19.04 | -3.00 |  3.97
    100 | -87.45 | 15.93 |    15.93 |   17.55 |  0.00 |  3.83
    125 | -91.10 | 12.28 |    12.28 |   15.02 |  1.00 |  3.41
    160 | -95.75 |  7.63 |     7.63 |   11.05 | -2.00 |  2.80
    200 | -98.29 |  5.09 |     5.09 |    8.05 | -5.00 |  2.50
    250 | -101.29 |  2.08 |     2.08 |    5.70 | -7.00 |  2.41
    315 | -102.59 |  0.78 |     0.78 |    4.08 | -9.00 |  2.52
    400 | -103.78 |  0.00 |     0.00 |    3.26 | -10.00 |  2.54
    500 | -107.05 |  0.00 |     0.00 |    3.03 | -10.00 |  2.00
    630 | -112.03 |  0.00 |     0.00 |    3.00 | -8.00 |  0.81
    800 | -114.50 |  0.00 |     0.00 |    3.00 | -7.00 | -0.21
   1000 | -116.25 |  0.00 |     0.00 |    3.00 | -7.00 | -0.77
   1250 | -117.51 |  0.00 |     0.00 |    3.00 | -6.00 | -1.46
   1600 | -118.78 |  0.00 |     0.00 |    3.00 | -5.00 | -2.26
   2000 | -119.66 |  0.00 |     0.00 |    3.00 | -5.00 | -2.79
   2500 | -120.15 |  0.00 |     0.00 |    3.00 | -4.00 | -3.51
   3150 | -120.58 |  0.00 |     0.00 |    3.00 | -3.00 | -4.44
   4000 | -121.25 |  0.00 |     0.00 |    3.00 | -2.00 | -5.15
   5000 | -121.73 |  0.00 |     0.00 |    3.00 | -2.00 | -5.15
   6300 | -122.02 |  0.00 |     0.00 |    3.00 | -3.00 | -4.47
   8000 | -121.95 |  0.00 |     0.00 |    3.00 | -4.00 | -3.46
  10000 | -122.95 |  0.00 |     0.00 |    3.00 | -5.00 | -2.47
  12500 | -125.86 |  0.00 |     0.00 |    3.00 | -6.00 | -1.27
  16000 | -128.21 |  0.00 |     0.00 |    3.00 | -8.00 |  0.45
  20000 | -128.21 |  0.00 |     0.00 |    3.00 | -10.00 |  1.61

Обозначения:
P90       — 90-й процентиль уровня
Пик       — необработанное превышение над фоном
Огранич.  — значение после ограничения узкого пика
Маскир.   — сглаженный целевой уровень
АЧХ       — относительный уровень колонки
Итог      — значение для Filter Curve EQ